96 32 64 gcc 15792051000
96 32 64 perlbench 292244000
96 32 64 bzip2 58436840000
96 32 64 bwaves 183332000
96 32 64 calculix 125747000
96 64 32 gcc 16401167000
96 64 32 perlbench 306285000
96 64 32 bzip2 59848220000
96 64 32 bwaves 182371000
96 64 32 calculix 125194000
130 2 128 gcc 29552917000
130 2 128 perlbench 442313000
130 2 128 bzip2 59323032000
130 2 128 bwaves 226427000
130 2 128 calculix 147728000
130 128 2 gcc 38108051000
130 128 2 perlbench 716877000
130 128 2 bzip2 59858215000
130 128 2 bwaves 275019000
130 128 2 calculix 170220000
132 4 128 gcc 23422615000
132 4 128 perlbench 375460000
132 4 128 bzip2 59251228000
132 4 128 bwaves 216597000
132 4 128 calculix 141194000
132 128 4 gcc 29237212000
132 128 4 perlbench 573432000
132 128 4 bzip2 59855117000
132 128 4 bwaves 241784000
132 128 4 calculix 151362000
136 8 128 gcc 18456366000
136 8 128 perlbench 328202000
136 8 128 bzip2 59808970000
136 8 128 bwaves 205307000
136 8 128 calculix 135802000
136 128 8 gcc 24383695000
136 128 8 perlbench 438071000
136 128 8 bzip2 59850840000
136 128 8 bwaves 211677000
136 128 8 calculix 139580000
144 16 128 gcc 16202664000
144 16 128 perlbench 305709000
144 16 128 bzip2 58330104000
144 16 128 bwaves 187792000
144 16 128 calculix 130017000
144 128 16 gcc 18994737000
144 128 16 perlbench 354301000
144 128 16 bzip2 59847791000
144 128 16 bwaves 190997000
144 128 16 calculix 130253000
160 32 128 gcc 15466524000
160 32 128 perlbench 287528000
160 32 128 bzip2 58436840000
160 32 128 bwaves 181046000
160 32 128 calculix 125344000
160 128 32 gcc 16327787000
160 128 32 perlbench 301037000
160 128 32 bzip2 59846205000
160 128 32 bwaves 180017000
160 128 32 calculix 125120000
192 64 128 gcc 15213361000
192 64 128 perlbench 277561000
192 64 128 bzip2 59846358000
192 64 128 bwaves 175751000
192 64 128 calculix 122359000
192 128 64 gcc 15461629000
192 128 64 perlbench 275845000
192 128 64 bzip2 59845462000
192 128 64 bwaves 175151000
192 128 64 calculix 122691000
258 2 256 gcc 29410118000
258 2 256 perlbench 442028000
258 2 256 bzip2 59323032000
258 2 256 bwaves 226185000
258 2 256 calculix 147728000
258 256 2 gcc 37976452000
258 256 2 perlbench 715851000
258 256 2 bzip2 59858740000
258 256 2 bwaves 274678000
258 256 2 calculix 170094000
260 4 256 gcc 23282273000
260 4 256 perlbench 375281000
260 4 256 bzip2 59251228000
260 4 256 bwaves 216597000
260 4 256 calculix 141194000
260 256 4 gcc 29106434000
260 256 4 perlbench 572836000
260 256 4 bzip2 59855117000
260 256 4 bwaves 241322000
260 256 4 calculix 151362000
264 8 256 gcc 18327224000
264 8 256 perlbench 327706000
264 8 256 bzip2 59808970000
264 8 256 bwaves 205167000
264 8 256 calculix 135802000
264 256 8 gcc 24255388000
264 256 8 perlbench 437508000
264 256 8 bzip2 59852216000
264 256 8 bwaves 211336000
264 256 8 calculix 139527000
272 16 256 gcc 16062683000
272 16 256 perlbench 304588000
272 16 256 bzip2 58330104000
272 16 256 bwaves 187737000
272 16 256 calculix 130017000
272 256 16 gcc 18867173000
272 256 16 perlbench 353790000
272 256 16 bzip2 59929395000
272 256 16 bwaves 190750000
272 256 16 calculix 130015000
288 32 256 gcc 15324266000
288 32 256 perlbench 286356000
288 32 256 bzip2 58436840000
288 32 256 bwaves 181046000
288 32 256 calculix 125344000
288 256 32 gcc 16214351000
288 256 32 perlbench 300309000
288 256 32 bzip2 59846205000
288 256 32 bwaves 179503000
288 256 32 calculix 125119000
320 64 256 gcc 15072113000
320 64 256 perlbench 276665000
320 64 256 bzip2 59846358000
320 64 256 bwaves 175630000
320 64 256 calculix 122359000
320 256 64 gcc 15358842000
320 256 64 perlbench 275381000
320 256 64 bzip2 59843128000
320 256 64 bwaves 175052000
320 256 64 calculix 122691000
384 128 256 gcc 15007379000
384 128 256 perlbench 269963000
384 128 256 bzip2 59845462000
384 128 256 bwaves 173745000
384 128 256 calculix 122294000
384 256 128 gcc 15042484000
384 256 128 perlbench 270655000
384 256 128 bzip2 59843128000
384 256 128 bwaves 173646000
384 256 128 calculix 122235000
514 2 512 gcc 29405653000
514 2 512 perlbench 440693000
514 2 512 bzip2 59323032000
514 2 512 bwaves 226185000
514 2 512 calculix 147728000
514 512 2 gcc 37930636000
514 512 2 perlbench 715851000
514 512 2 bzip2 59856797000
514 512 2 bwaves 274678000
514 512 2 calculix 170094000
516 4 512 gcc 23279172000
516 4 512 perlbench 374609000
516 4 512 bzip2 59251228000
516 4 512 bwaves 216597000
516 4 512 calculix 141194000
516 512 4 gcc 29057600000
516 512 4 perlbench 572836000
516 512 4 bzip2 59853572000
516 512 4 bwaves 241322000
516 512 4 calculix 151362000
520 8 512 gcc 18314565000
520 8 512 perlbench 328066000
520 8 512 bzip2 59808970000
520 8 512 bwaves 205167000
520 8 512 calculix 135802000
520 512 8 gcc 24205637000
520 512 8 perlbench 437508000
520 512 8 bzip2 59848799000
520 512 8 bwaves 211336000
520 512 8 calculix 139527000
528 16 512 gcc 16060824000
528 16 512 perlbench 303505000
528 16 512 bzip2 58330104000
528 16 512 bwaves 187737000
528 16 512 calculix 130017000
528 512 16 gcc 18827919000
528 512 16 perlbench 353790000
528 512 16 bzip2 59844883000
528 512 16 bwaves 190750000
528 512 16 calculix 130015000
544 32 512 gcc 15318011000
544 32 512 perlbench 286356000
544 32 512 bzip2 58436840000
544 32 512 bwaves 181046000
544 32 512 calculix 125344000
544 512 32 gcc 16182116000
544 512 32 perlbench 300309000
544 512 32 bzip2 59842738000
544 512 32 bwaves 179503000
544 512 32 calculix 125119000
576 64 512 gcc 15073662000
576 64 512 perlbench 276194000
576 64 512 bzip2 59846358000
576 64 512 bwaves 175630000
576 64 512 calculix 122359000
576 512 64 gcc 15325764000
576 512 64 perlbench 275381000
576 512 64 bzip2 59842100000
576 512 64 bwaves 175052000
576 512 64 calculix 122691000
640 128 512 gcc 15005445000
640 128 512 perlbench 269963000
640 128 512 bzip2 59845462000
640 128 512 bwaves 173745000
640 128 512 calculix 122294000
640 512 128 gcc 15010832000
640 512 128 perlbench 270655000
640 512 128 bzip2 59842100000
640 512 128 bwaves 173646000
640 512 128 calculix 122235000
768 256 512 gcc 14896895000
768 256 512 perlbench 269428000
768 256 512 bzip2 59843128000
768 256 512 bwaves 173366000
768 256 512 calculix 122235000
768 512 256 gcc 14869523000
768 512 256 perlbench 269428000
768 512 256 bzip2 59842100000
768 512 256 bwaves 173366000
768 512 256 calculix 122235000
