2665101 66153.172797 0.005937 11248307 21338.565777 0.002112
2665101 65770.951839 0.005937 11248307 21134.900261 0.002112
2665101 65773.922387 0.005937 11248307 21132.922313 0.002112
2665101 65773.922387 0.005937 11248307 21132.922313 0.002112
2665101 65773.922387 0.005937 11248307 21132.922313 0.002112
2665101 65773.922387 0.005937 11248307 21132.922313 0.002112
2665101 65773.922387 0.005937 11248307 21132.922313 0.002112
2665101 65773.922387 0.005937 11248307 21132.922313 0.002112
2665101 65773.922387 0.005937 11248307 21132.922313 0.002112
2665101 65773.922387 0.005937 11248307 21132.922313 0.002112
2665101 65773.922387 0.005937 11248307 21132.922313 0.002112
