col_100 32 1 16 735201000 2926 
col_100 32 2 16 736045000 2932 
col_100 32 4 16 738725000 2968 
col_100 32 8 16 739573000 2976 
col_100 32 16 16 739192000 2976 
col_100 32 32 16 739462000 2976 
col_100 32 64 16 739073000 2976 
col_100 32 128 16 739198000 2976 
col_100 32 1 32 644492000 1548 
col_100 32 2 32 651906000 1774 
col_100 32 4 32 646023000 1576 
col_100 32 8 32 647649000 1584 
col_100 32 16 32 647649000 1584 
col_100 32 32 32 647601000 1584 
col_100 32 64 32 647596000 1584 
col_100 32 128 32 647708000 1584 
col_100 32 1 64 641218000 2643 
col_100 32 2 64 671497000 3648 
col_100 32 4 64 600576000 870 
col_100 32 8 64 602238000 878 
col_100 32 16 64 603042000 878 
col_100 32 32 64 603035000 878 
col_100 32 64 64 603035000 878 
col_100 32 128 64 603035000 878 
col_100 32 1 128 719694000 3204 
col_100 32 2 128 798780000 4594 
col_100 32 4 128 578739000 501 
col_100 32 8 128 580146000 509 
col_100 32 16 128 580177000 509 
col_100 32 32 128 580601000 509 
col_100 32 64 128 580178000 509 
col_100 32 128 128 580146000 509 
