col_1000 8 1 16 24759410500 1002396 
col_1000 8 2 16 24759410500 1000398 
col_1000 8 4 16 24759410500 1000388 
col_1000 8 8 16 24759410500 1000385 
col_1000 8 16 16 24759410500 1000385 
col_1000 8 32 16 24759410500 1000385 
col_1000 8 64 16 24759410500 1000385 
col_1000 8 128 16 24759410500 1000385 
col_1000 8 1 32 24759410500 1004202 
col_1000 8 2 32 24759410500 1000254 
col_1000 8 4 32 24759410500 1000243 
col_1000 8 8 32 24759410500 1000238 
col_1000 8 16 32 24759410500 1000238 
col_1000 8 32 32 24759410500 1000238 
col_1000 8 64 32 24759410500 1000238 
col_1000 8 128 32 24759410500 1000238 
col_1000 8 1 64 24759410500 1008015 
col_1000 8 2 64 24759410500 1000167 
col_1000 8 4 64 24759410500 1000159 
col_1000 8 8 64 24759410500 1000152 
col_1000 8 16 64 24759410500 1000151 
col_1000 8 32 64 24759410500 1000149 
col_1000 8 64 64 24759410500 1000149 
col_1000 8 128 64 24759410500 1000149 
col_1000 8 1 128 24759410500 1015775 
col_1000 8 2 128 24759410500 1000110 
col_1000 8 4 128 24759410500 1000105 
col_1000 8 8 128 24759410500 1000101 
col_1000 8 16 128 24759410500 1000100 
col_1000 8 32 128 24759410500 1000098 
col_1000 8 64 128 24759410500 1000100 
col_1000 8 128 128   
