col_100 1 2 16 1131098000 10478 
col_100 2 2 16 749412000 3143 
col_100 4 2 16 745218000 3018 
col_100 8 2 16 742712000 2984 
col_100 16 2 16 741080000 2978 
col_100 32 2 16 736045000 2932 
col_100 64 2 16 731127000 2867 
col_100 128 2 16 730560000 2854 
col_100 1 2 32 1143902000 10354 
col_100 2 2 32 1071879000 9835 
col_100 4 2 32 664381000 1962 
col_100 8 2 32 659340000 1865 
col_100 16 2 32 657298000 1838 
col_100 32 2 32 651906000 1774 
col_100 64 2 32 641088000 1475 
col_100 128 2 32 640829000 1467 
col_100 1 2 64 1136611000 10280 
col_100 2 2 64 1127037000 10233 
col_100 4 2 64 990407000 8820 
col_100 8 2 64 682327000 3754 
col_100 16 2 64 682216000 3711 
col_100 32 2 64 671497000 3648 
col_100 64 2 64 595774000 765 
col_100 128 2 64 595682000 761 
col_100 1 2 128 1241618000 10262 
col_100 2 2 128 1227570000 10206 
col_100 4 2 128 1212492000 10165 
col_100 8 2 128 1075824000 8319 
col_100 16 2 128 800802000 4662 
col_100 32 2 128 798780000 4594 
col_100 64 2 128 572982000 400 
col_100 128 2 128 572901000 394 
