row_100 32 1 16 734551000 2890 
row_100 32 2 16 733971000 2877 
row_100 32 4 16 734079000 2877 
row_100 32 8 16 734076000 2877 
row_100 32 16 16 734076000 2877 
row_100 32 32 16 733916000 2877 
row_100 32 64 16 733914000 2877 
row_100 32 128 16 733967000 2877 
row_100 32 1 32 649163000 1512 
row_100 32 2 32 648775000 1486 
row_100 32 4 32 648772000 1485 
row_100 32 8 32 648770000 1485 
row_100 32 16 32 648775000 1485 
row_100 32 32 32 648726000 1485 
row_100 32 64 32 648774000 1485 
row_100 32 128 32 648663000 1485 
row_100 32 1 64 601800000 822 
row_100 32 2 64 600576000 779 
row_100 32 4 64 600576000 779 
row_100 32 8 64 600631000 779 
row_100 32 16 64 600631000 779 
row_100 32 32 64 600631000 779 
row_100 32 64 64 600631000 779 
row_100 32 128 64 600631000 779 
row_100 32 1 128 577421000 492 
row_100 32 2 128 575139000 413 
row_100 32 4 128 574710000 410 
row_100 32 8 128 574786000 410 
row_100 32 16 128 574786000 410 
row_100 32 32 128 574786000 410 
row_100 32 64 128 574786000 410 
row_100 32 128 128 574786000 410 
