row_100 1 2 16 740085000 2979 
row_100 2 2 16 738732000 2960 
row_100 4 2 16 736314000 2919 
row_100 8 2 16 734559000 2885 
row_100 16 2 16 734022000 2879 
row_100 32 2 16 733971000 2877 
row_100 64 2 16 733029000 2867 
row_100 128 2 16 732433000 2854 
row_100 1 2 32 655223000 1605 
row_100 2 2 32 653275000 1565 
row_100 4 2 32 651007000 1534 
row_100 8 2 32 649105000 1499 
row_100 16 2 32 649078000 1492 
row_100 32 2 32 648775000 1486 
row_100 64 2 32 647707000 1475 
row_100 128 2 32 647426000 1467 
row_100 1 2 64 606747000 906 
row_100 2 2 64 604495000 859 
row_100 4 2 64 603217000 830 
row_100 8 2 64 601540000 791 
row_100 16 2 64 600971000 784 
row_100 32 2 64 600576000 779 
row_100 64 2 64 599144000 765 
row_100 128 2 64 599052000 761 
row_100 1 2 128 583298000 575 
row_100 2 2 128 580830000 519 
row_100 4 2 128 578481000 478 
row_100 8 2 128 575795000 430 
row_100 16 2 128 575750000 425 
row_100 32 2 128 575139000 413 
row_100 64 2 128 573979000 400 
row_100 128 2 128 573418000 394 
