row_1000 8 1 16 24511631000 253860 
row_1000 8 2 16 24511631000 250398 
row_1000 8 4 16 24511631000 250388 
row_1000 8 8 16 24511631000 250385 
row_1000 8 16 16 24511631000 250385 
row_1000 8 32 16 24511631000 250385 
row_1000 8 64 16 24511631000 250385 
row_1000 8 128 16 24511631000 250385 
row_1000 8 1 32 24511631000 132618 
row_1000 8 2 32 24511631000 125254 
row_1000 8 4 32 24511631000 125243 
row_1000 8 8 32 24511631000 125238 
row_1000 8 16 32 24511631000 125238 
row_1000 8 32 32 24511631000 125238 
row_1000 8 64 32 24511631000 125238 
row_1000 8 128 32 24511631000 125238 
row_1000 8 1 64 24511631000 77836 
row_1000 8 2 64 24511631000 62668 
row_1000 8 4 64 24511631000 62660 
row_1000 8 8 64 24511631000 62653 
row_1000 8 16 64 24511631000 62652 
row_1000 8 32 64 24511631000 62650 
row_1000 8 64 64 24511631000 62650 
row_1000 8 128 64 24511631000 62650 
row_1000 8 1 128 24511631000 62154 
row_1000 8 2 128 24511631000 31361 
row_1000 8 4 128 24511631000 31356 
row_1000 8 8 128 24511631000 31352 
row_1000 8 16 128 24511631000 31351 
row_1000 8 32 128 24511631000 31349 
row_1000 8 64 128 24511631000 31351 
row_1000 8 128 128   
